5.032213201848384898e+01 2.155396863569860244e+01 4.007206744488247097e+01
1.668259785314341315e+01 5.450059605512899452e+01 2.646547450035605209e+01
2.260016570066511932e+01 1.066895346985181980e+01 2.352813954874961055e+01
1.126880977147909491e+01 3.187369278329529720e+01 3.874508356433092615e+01
3.363830722524679118e+01 3.424110485437320506e+01 2.439824038453430077e+01
4.806946483661694458e+01 8.309447244158032930e+00 2.324242843852947260e+01
2.876927618515330920e+01 1.782556657246521326e+01 4.267861526220630708e+01
2.121720755566273198e+01 4.739647824609170357e+01 4.358410531228157936e+01
1.435149778520301211e+01 3.699159151643929988e+01 2.184804253726223067e+01
4.953185985640438105e+01 2.627568670675100293e+01 2.282387858129027336e+01
2.727396236834497500e+01 3.293067977731898566e+01 3.895286130824094073e+01
3.402669611127967642e+01 1.981924345059666948e+01 2.052031944820760856e+01
4.417121543129669448e+01 3.405365175962867852e+01 3.508242021139646027e+01
4.660649970743430970e+01 7.389729161632685006e+00 3.807511560202070200e+01
1.962107805635845992e+01 2.363776635292801132e+01 2.926607490874607365e+01
2.667849073622570799e+01 4.387304038114849902e+01 3.037201788356115628e+01
1.079011774156236037e+01 4.598179725613454849e+01 3.463911928120919015e+01
3.571665007011551296e+01 1.286099361626456883e+01 3.110865951915097227e+01
2.438063429191308984e+01 8.353050388034416684e+00 3.609745876562788425e+01
3.952904056873715888e+01 2.565404376740461601e+01 4.203371642780596318e+01
2.015685684258166788e+01 4.741767270884113827e+01 1.832306113822918547e+01
6.484320251646090938e+00 3.774440237194492198e+01 2.914574101095145409e+01
5.077422414131711292e+01 1.708249152928616255e+01 3.032247750204134462e+01
5.333557306933597886e+01 2.876740867538918067e+01 3.251510279886108634e+01
1.845963348009969707e+01 5.469785711847715959e+01 3.689816931514732090e+01
2.494089323497270527e+01 2.930632115157270690e+01 2.291111290350421825e+01
4.047537477993902399e+01 1.596740207935213185e+01 4.004829975003845277e+01
4.463243169116827858e+01 1.779149048733903626e+01 2.167643553034331561e+01
1.904291949163338415e+01 3.837157603881418311e+01 4.029934802103109348e+01
2.223983409756734986e+01 2.418864553358885416e+01 3.934959105225760112e+01
1.161249636230793669e+01 4.563295236642833430e+01 2.486108416999646309e+01
3.981149635447556534e+01 2.727756542322681099e+01 2.136629956921264295e+01
2.334749898230584364e+01 1.978353896522399680e+01 2.159991088748128618e+01
3.438624073178685592e+01 3.677756336301386852e+01 3.442322411749357514e+01
2.546266495635545368e+01 1.636806007220604897e+01 3.174147213288260616e+01
1.210696707696952856e+01 3.070689568289676430e+01 2.840641979274567674e+01
4.488377317644333431e+01 3.294231571791701896e+01 2.589523173935055667e+01
1.857381042420320938e+01 3.072668352597632691e+01 3.419765422843292413e+01
2.335851305882050255e+01 3.841558692911681305e+01 2.453327620807030129e+01
3.103035370078939437e+01 1.193937667064124142e+01 2.274026358701691564e+01
2.991111742797175310e+01 2.620848411616152873e+01 4.251876814920390757e+01
4.325165407303727960e+01 1.425446508832431647e+01 2.880287844839791234e+01
5.108510212212340917e+01 1.369017993668931510e+01 4.050526934619317387e+01
9.996354948951964303e+00 3.960014108959599355e+01 3.976526811771912406e+01
3.155314332215704809e+01 1.167793626627512893e+01 3.864427008726294588e+01
4.900667213372192776e+01 2.949136311217312567e+01 3.881803148411896132e+01
2.567324551105211583e+01 4.026604379552011892e+01 3.713231455750722887e+01
2.164140328318041639e+01 4.929814222232363363e+01 2.871974748960563772e+01
2.205454129910342687e+01 1.629322623391027847e+01 3.844193169702531065e+01
3.777972455685550557e+01 3.203172962439718674e+01 3.872220525419152182e+01
1.567862173938362069e+01 4.466483412627162863e+01 3.979809005139183853e+01
2.247195228362307518e+01 4.657427219866769974e+01 3.627404921586932574e+01
1.980611166444124649e+01 3.170706397094867413e+01 2.722650931542535346e+01
2.771617850438103403e+01 9.862748017017839430e+00 2.865132485174333254e+01
3.165980779746368512e+01 2.644004571911925794e+01 2.049095940568668794e+01
2.925864268376776778e+01 3.747230140103658158e+01 2.876644657577002562e+01
5.159289890149723590e+01 1.868062426688154432e+01 2.366008965051456059e+01
4.931833112700931565e+01 1.045804222437866571e+01 2.956553925949917883e+01
1.839026786119425338e+01 4.321044445803578071e+01 2.316179885391366611e+01
5.341242214122450349e+01 2.364813018362227126e+01 2.830576782472742536e+01
8.608985187093111335e+00 3.399418930535418326e+01 2.387684988914043061e+01
3.747960678007831348e+01 1.554737891124101523e+01 2.413671266441501828e+01
1.337555091867345425e+01 5.068412775254611802e+01 3.065155264848997874e+01
3.488893198509255456e+01 1.975979612759471848e+01 4.248585128434650926e+01
3.796742200693600466e+01 3.543126575724322436e+01 2.889374260398085426e+01
4.416493792437256616e+01 2.133537833119290283e+01 4.177766397729180170e+01
5.320160603372112007e+01 2.212602421941898001e+01 3.454023848177128286e+01
4.390877180344338626e+01 1.304437013236749721e+01 3.573994508979944840e+01
7.554718489433239981e+00 3.332291904553118655e+01 3.336476238837906294e+01
1.644896722005275436e+01 4.911060032933104935e+01 2.363243341811077869e+01
5.224254232325991154e+01 1.219507178816584769e+01 2.465983785232230829e+01
2.692419525951856230e+01 1.524647840989305081e+01 2.020185481301189157e+01
5.217388919267656178e+01 1.004807086849373832e+01 3.613547815116578477e+01
2.351056714334126951e+01 4.441810037098704811e+01 2.557541270410123246e+01
5.068236624412483593e+01 3.147193124931473918e+01 2.821878091187324955e+01
3.975645770530531564e+01 2.069708811819531391e+01 2.092622982800686415e+01
2.217529072888989106e+01 1.610830389500036475e+01 2.581892129139345116e+01
8.885764990512036832e+00 3.993651104733075385e+01 2.448002568959035230e+01
7.884051922518931832e+00 4.008173412669036395e+01 3.413095774577941910e+01
3.065231090101403666e+01 1.466705653264078890e+01 2.820796439346833395e+01
2.406180482496572637e+01 1.260327480457033644e+01 4.212740758871146340e+01
2.170173876724249240e+01 1.981864745973618724e+01 3.388301284441499206e+01
4.360451280495330195e+01 3.005195804414059069e+01 3.979317453922678993e+01
2.217851929342482364e+01 3.485158727996633843e+01 3.743231685516542484e+01
2.637142421016613980e+01 2.439005073887585695e+01 2.086196117244506709e+01
9.377324556583724657e+00 4.260951894819199026e+01 2.953594536537159598e+01
1.779201457116299068e+01 4.955376694033029139e+01 3.886640564476040538e+01
4.416380523370835931e+01 1.200820874685875772e+01 2.399113023136315803e+01
4.568980242013637394e+01 1.560527456543805869e+01 4.124616106018218886e+01
3.694580789031440560e+01 1.382430943952879510e+01 3.670535902775990422e+01
3.267256812673566202e+01 3.177399428273627535e+01 4.004514680928167536e+01
3.910429718737469074e+01 3.171132764701452800e+01 2.410457889414369248e+01
3.192015938977808176e+01 1.468942377753583806e+01 3.421726530764650676e+01
4.840148122395959973e+01 1.423045341573172173e+01 2.152777928353766512e+01
4.485671168540731912e+01 2.838916294854749012e+01 2.218884634080914253e+01
1.349441415476248451e+01 3.038680123112992959e+01 3.348950167564372293e+01
2.364825769531019972e+01 2.928988164417549811e+01 3.887624939293213089e+01
2.155217673333303097e+01 2.484443035925229282e+01 2.466829358518629078e+01
7.026981952971907752e+00 3.568027063152061373e+01 3.788337746672213768e+01
2.871243501561000500e+01 1.062839555324749341e+01 3.452100665493567533e+01
2.609689852647586861e+01 2.259665506942203095e+01 4.228305248488511836e+01
1.394765993784200475e+01 3.243208439065881521e+01 2.394944961891259894e+01
2.893233695401168504e+01 3.748225839446708818e+01 3.378767856282517812e+01
2.711180914304307166e+01 3.359650576776408570e+01 2.438458330929459095e+01
1.997465700349827600e+01 2.603267162893932607e+01 3.520923815236964316e+01
1.730970934844757281e+01 3.305636943533288274e+01 3.843016727290363121e+01
4.844365074640470681e+01 3.358141757471661037e+01 3.214176477137414167e+01
4.790265236354700562e+01 1.390397739628509299e+01 3.284903125419437231e+01
2.610943891512424386e+01 7.311095055428866729e+00 2.454313090570185807e+01
1.874804056324578383e+01 5.152925941315867675e+01 3.202116456635383202e+01
1.430228785482510645e+01 3.745665310304590179e+01 4.114568690616974322e+01
5.220079511822288509e+01 2.582955995892364953e+01 3.755597065221497388e+01
2.121540191252507412e+01 4.334933468478003249e+01 3.967613399577774658e+01
2.701411521193998411e+01 7.568962416978876284e+00 4.002681831135873836e+01
1.849028693846193505e+01 3.525602854663210195e+01 2.351965249385774115e+01
4.671136678612285209e+01 2.264799671857717556e+01 2.153969082476318420e+01
3.878822815663115620e+01 3.507062344893898143e+01 3.384178663469592863e+01
4.747713164100109395e+01 9.206516405438886608e+00 3.380853820090526796e+01
4.498426219616411004e+01 8.735313649072928399e+00 2.722168258034288257e+01
2.442437578018837741e+01 4.772065082571555905e+01 3.212193881131242534e+01
3.396568433433530032e+01 3.014034917022906512e+01 2.210132432983801110e+01
2.350166077217038207e+01 1.359143551968425889e+01 3.501488115286161928e+01
3.427365731058742426e+01 2.786765742242904409e+01 4.184183987814247274e+01
3.942898318220272813e+01 2.026916959472121960e+01 4.212042587283916362e+01
2.783299450846297773e+01 1.971172583821014257e+01 2.023910703831565527e+01
2.945932565687098759e+01 3.052784316033505974e+01 2.208793643592023415e+01
3.987824278268269751e+01 1.286448200240715956e+01 3.344718778763041200e+01
4.369900523990863661e+01 3.479058263296121822e+01 3.070093217015795517e+01
1.293699717857002618e+01 4.110571017303095687e+01 2.281619939997656843e+01
2.640408115553144341e+01 4.109419606367633548e+01 2.691205474373225570e+01
3.442845909449155783e+01 1.588461984714535546e+01 3.972935849573957512e+01
4.564729894214297445e+01 2.649203618159997120e+01 4.136406574063568797e+01
2.223676624786402556e+01 1.920141416533321177e+01 2.957883224624553975e+01
2.160613856342175154e+01 4.744813083913452800e+01 2.245629228572892089e+01
1.914502621807458382e+01 2.797821162946640072e+01 2.949960788941080381e+01
1.316901948860865090e+01 4.934884759773522944e+01 2.652525415032559408e+01
4.968256437125774028e+01 9.402577763977799208e+00 4.035765089657685678e+01
1.372565192806139223e+01 5.041537492682913069e+01 3.494545320274222888e+01
3.574890840666679281e+01 2.512716142965702204e+01 2.051739220648027029e+01
1.104591770254619831e+01 4.707918535765069379e+01 3.050789053627212866e+01
3.322825594319220244e+01 1.580901239071842390e+01 2.379411097366020655e+01
4.248696634955690143e+01 2.395801131510304671e+01 2.102957612451773883e+01
2.647938025487142255e+01 1.110129703102666809e+01 2.075634065035036357e+01
2.299618590441858146e+01 1.478689593433150939e+01 2.162056979875209706e+01
2.285187709299001924e+01 1.961819417051493986e+01 4.087925714592610404e+01
5.238631396363062009e+01 1.826517616507642572e+01 3.597474873413828789e+01
5.166887418121529407e+01 2.298880146642102318e+01 2.455556208321852196e+01
5.106163762939561934e+01 8.112719526464470476e+00 2.663774610051009617e+01
2.162522483720872302e+01 2.089543424315077047e+01 2.591207874416398127e+01
4.445803426258363800e+01 1.162976485576610308e+01 3.950462285378937821e+01
3.575523861715172558e+01 2.415438938299704930e+01 4.254273349921907510e+01
1.722647469643777995e+01 4.812350234569026952e+01 4.371041841419434348e+01
2.402529735096236507e+01 1.360496933897101357e+01 2.841493719570093290e+01
3.305954674674244842e+01 3.731041224354760288e+01 3.064423120446689097e+01
3.086869210253429685e+01 9.458520630102231763e+00 2.591356871351725744e+01
3.065244512837411861e+01 2.138547369860524228e+01 4.274525909609134544e+01
4.133428785673659434e+01 1.517228715904597180e+01 2.522336399298040277e+01
3.949189309775954371e+01 1.294036495895061023e+01 2.916259007673662751e+01
1.158156553974235692e+01 4.316350448771643755e+01 3.891322153379456239e+01
5.221724715083203705e+01 2.686544665309766344e+01 2.570818201646316581e+01
5.000986909980098716e+01 3.174409738319944552e+01 3.529104785758427454e+01
7.232753533204185459e+00 3.397729409955157109e+01 2.821049616441939634e+01
1.599916110996881713e+01 3.068946929431104564e+01 3.045946910694186371e+01
3.174164182300201276e+01 3.512479776296385836e+01 3.819402332196440852e+01
2.730548059700825547e+01 2.884749626921200871e+01 4.119602140478093588e+01
5.158908102628826953e+01 1.373501556425457792e+01 3.421301037136465339e+01
1.686907462129701685e+01 4.654339054652226082e+01 2.029661956925917821e+01
2.714659826813933208e+01 4.202504154655935054e+01 3.396859523196379627e+01
1.954934864824777208e+01 3.950645092019324522e+01 2.283415332883645021e+01
2.968688538508239105e+01 7.858023108699270232e+00 3.720983786749530253e+01
3.030826626778755895e+01 1.442411950071932658e+01 4.168483706960050483e+01
2.121077453259081125e+01 4.968544322922769396e+01 3.429635519472358851e+01
3.493222875513252745e+01 1.427472972340811985e+01 2.678633863498608036e+01
2.754007852725762362e+01 1.064272495490163983e+01 4.213442632988722636e+01
9.868420361341705416e+00 3.604522852393674270e+01 4.089977941511519077e+01
1.940564981011234380e+01 5.231146381554771807e+01 2.775031111307517051e+01
1.493959406952447466e+01 4.473973586420369486e+01 2.346458985046922407e+01
2.324022110697400834e+01 9.060586900812655387e+00 3.955522774977698930e+01
3.772318632896728730e+01 2.884437704706468608e+01 4.095937635925685782e+01
1.274864061343530608e+01 4.796353680639091266e+01 3.751412360116954403e+01
5.435456387744989115e+01 2.529672482602837746e+01 3.309334936704446051e+01
6.805301472002873275e+00 3.669098335536578759e+01 2.568562536934086893e+01
2.775485424492635644e+01 1.455405822974848640e+01 3.389290725888265143e+01
2.743881286049074930e+01 3.989692491536279562e+01 3.073959659660823007e+01
4.863059593768073796e+01 2.960344286334392905e+01 2.387107156925773666e+01
3.458818428755471075e+01 3.654198829491146228e+01 2.749226799439803415e+01
9.978160356640156436e+00 3.143088298237298872e+01 3.519686962710579792e+01
2.361446562615944700e+01 9.003911052404072635e+00 2.652775243136037631e+01
4.874330709320865651e+01 2.480073709373534285e+01 4.077287575124097430e+01
2.118421242095845969e+01 4.803040922276609592e+01 3.927191326946628180e+01
2.484952054417840017e+01 2.629945925311594124e+01 4.115482753489594359e+01
2.660803210362174553e+01 3.556052075957546776e+01 3.670496479113424471e+01
3.660212952428828714e+01 3.471974820376117776e+01 3.677775312444608602e+01
3.745622267415693329e+01 1.740596230543955159e+01 4.162191098474463757e+01
2.221781343983612089e+01 3.999585151539019989e+01 3.939314629085228603e+01
2.103813617456509277e+01 2.789819182288117361e+01 2.627270873237675985e+01
4.772234867738507091e+01 3.329677913358771946e+01 2.788247091437870750e+01
1.898218603319475406e+01 4.484566782382005812e+01 4.281206773673405763e+01
5.386806311882284604e+01 2.752699939699202503e+01 2.932673444106795912e+01
1.314727256985325354e+01 3.421933941912577382e+01 4.073193418492983398e+01
1.888990853679752036e+01 5.000267096405116973e+01 2.134677821059739600e+01
5.238637422702213797e+01 1.830722787101455395e+01 2.699953149850596290e+01
2.300038107013314104e+01 3.232733886965220194e+01 2.610992739998946632e+01
4.211834697670562377e+01 3.240410117615121521e+01 3.777695813722500162e+01
3.261369671276410287e+01 2.316099216994154020e+01 2.023049166900781870e+01
1.000265007759449887e+01 4.280856637560003009e+01 2.594195732172911661e+01
2.433285996399920847e+01 4.382308210842689533e+01 3.696230725178629939e+01
4.016798380792927503e+01 3.392696752961411022e+01 2.680781033080365461e+01
3.671317353828496266e+01 3.451335862672953425e+01 2.581642713409547696e+01
2.425635095584416234e+01 4.666730461104808825e+01 2.891523095070947136e+01
3.972161949464793196e+01 1.698463782516718723e+01 2.206037021840199230e+01
4.346480151233967604e+01 1.398155767049921927e+01 3.215972143015710571e+01
1.102845408581821474e+01 3.640829249425506475e+01 2.188965240152527514e+01
4.320522898765837994e+01 1.811726193229535298e+01 4.148073514299945685e+01
9.707097472548444017e+00 4.286562965120342028e+01 3.528362682335811940e+01
4.837861722561310529e+01 1.758944568114263518e+01 2.148441952411678812e+01
3.104095251452547188e+01 3.606649239026459242e+01 2.546934092871323685e+01
2.751898800618285534e+01 1.502990327724509356e+01 2.931376393055703744e+01
4.639596843092044054e+01 3.145704782758835805e+01 3.811750488589471786e+01
3.007162690081063872e+01 1.586308454753604558e+01 2.109846362920757556e+01
2.392616851470166495e+01 1.588595036216531575e+01 4.225090922300567797e+01
1.575413202567260029e+01 5.194136577635162411e+01 3.702024424306014794e+01
1.671936263894701113e+01 3.192111542334657770e+01 2.617317945555729608e+01
4.770060849072498144e+01 7.116974899720402092e+00 2.640465699214700379e+01
2.219866478627769624e+01 1.277279934554924523e+01 3.945095625570343145e+01
1.993052558833300836e+01 4.978150852029772011e+01 2.575608932907227100e+01
3.626372312647404073e+01 3.626530926368973695e+01 3.180928546756850395e+01
2.734591166312770127e+01 3.617020874066675162e+01 2.635540170409332461e+01
2.967012819159298687e+01 8.826270117617085020e+00 2.296393423121487132e+01
5.024715578471363386e+01 1.131494003605426357e+01 2.226745228061026793e+01
2.576347286469670550e+01 1.941134615511377248e+01 4.261053304230279792e+01
1.964943223738005429e+01 2.282722992522378291e+01 3.235629000721188930e+01
2.356808227327372407e+01 2.643552709534941414e+01 2.265405883337940907e+01
5.035543236532147660e+01 7.552299392055754623e+00 3.785586321180637981e+01
3.197425164184955548e+01 1.712187229656005982e+01 4.169576515153777052e+01
2.128430065665721926e+01 2.136949572619014504e+01 3.659155194174260828e+01
1.562136260009691924e+01 5.174615821313609842e+01 2.753469083020243957e+01
4.932042381566823508e+01 1.879181879984521686e+01 4.113792027363702886e+01
4.320762931217863922e+01 2.051994757360733601e+01 2.121691557524374616e+01
5.231701119437253311e+01 2.110499639983252962e+01 3.733490124962154511e+01
2.174396801530522083e+01 4.726707912074608942e+01 2.564580921289820381e+01
6.475654310686305593e+00 3.688781809076439089e+01 3.509246040295652591e+01
4.968256784865946685e+01 2.178951557117316895e+01 2.251614191934998388e+01
3.532098166485952362e+01 1.701502893767971614e+01 2.187477233041134284e+01
4.259904812236345606e+01 2.572638683481414645e+01 4.180095049543830044e+01
3.342803312497771628e+01 1.400208297645020217e+01 2.942455140477912323e+01
2.128916633246011259e+01 4.238473911247206871e+01 2.360515575192313520e+01
2.953178412864025759e+01 2.428860710633871633e+01 2.030003878539567097e+01
1.432465835159651490e+01 3.086379781232550457e+01 3.636521502475566336e+01
4.223031731498687691e+01 1.471409967779447037e+01 3.762941318536883983e+01
5.376811596054514553e+01 2.284173481571519559e+01 3.143355640811762441e+01
1.926877683235105110e+01 5.179820456508603854e+01 3.699560100424606901e+01
3.081361358918254467e+01 2.009233835690756109e+01 2.035044551534745239e+01
2.336580464840691462e+01 1.658096986740881462e+01 3.482538783871079602e+01
3.474297432056831525e+01 1.366381870906153218e+01 3.468158132230833246e+01
3.942764253322876300e+01 3.377862971820231763e+01 3.646723651616787265e+01
3.008831805255745806e+01 1.169871688958187406e+01 2.773432362615961466e+01
4.072870708732561695e+01 3.475572279702809908e+01 2.980345961409085476e+01
5.229216253103611223e+01 1.505314320810840023e+01 3.816318923507422767e+01
5.243169680575570624e+01 1.472446801772057867e+01 2.616989348556168338e+01
3.341056625257002821e+01 1.505213140592471532e+01 3.709236169303756725e+01
4.928749611051727442e+01 1.337907676753440001e+01 2.993119648422295853e+01
3.761390917671874945e+01 1.552541823999368731e+01 3.936352325861196277e+01
2.094223254021294522e+01 3.486688679339624031e+01 2.509856650827477864e+01
1.960885289251856634e+01 3.237963210733710184e+01 3.639764215995553798e+01
1.061691077241418490e+01 3.102214790644267595e+01 3.091365121808278005e+01
2.206180678689993613e+01 1.356725461790168730e+01 2.438108599730518122e+01
1.523800921021254950e+01 4.797277240511008500e+01 3.903204314215046367e+01
4.501844284592760914e+01 1.425850722619504651e+01 2.234664198607019614e+01
1.615177565418467154e+01 4.140587348365836107e+01 2.269906588654712110e+01
2.798940258702247519e+01 7.591034808954896462e+00 2.685519981710999105e+01
4.677861598050960623e+01 9.262114954589591775e+00 4.029326057563915953e+01
4.530059864155088434e+01 8.449643376936208483e+00 3.557924390667685088e+01
4.640638705402107433e+01 1.950416430764579800e+01 4.152382339159598246e+01
7.787175041782006701e+00 3.328680984117006147e+01 3.625658890772275811e+01
4.766224727026374808e+01 2.215389520026406345e+01 4.123161502691899472e+01
1.882398126421342965e+01 2.821273813392669894e+01 3.278726097707421872e+01
2.896735280740504948e+01 3.113886690337540841e+01 4.046622529835097737e+01
2.737517147622985192e+01 8.126165504412480090e+00 3.502388138076229751e+01
8.269286507498231131e+00 4.056891688303866772e+01 2.783428081041397206e+01
1.683279792321005885e+01 4.018153245632526449e+01 4.051679282582306030e+01
5.148962836652245301e+01 1.735803463592007745e+01 3.341161181165615091e+01
2.289952884066536143e+01 2.339142749832600288e+01 2.260479654662407967e+01
2.380602305645717820e+01 4.132370303834271397e+01 2.445115269749765474e+01
4.145390904360603201e+01 2.228228297258554136e+01 4.203331118399420063e+01
4.195583283397778018e+01 3.458103763163579458e+01 3.336637308139990665e+01
6.325136484768578704e+00 3.690116900173177328e+01 3.185935973279982747e+01
4.843502350007751289e+01 1.389747124284444268e+01 4.147949628304242253e+01
2.492684092184607891e+01 3.330285534510628764e+01 3.741882876131928271e+01
8.809141299118977031e+00 3.258187366933542961e+01 2.631635468922798182e+01
3.166604429560145562e+01 3.265647528110943654e+01 2.317046495123265260e+01
5.166773662136376544e+01 3.102316028441230600e+01 3.262819463480376214e+01
4.260775942887300971e+01 1.616325658802530540e+01 2.273665761015556797e+01
5.187622653704617903e+01 1.873185740106813313e+01 3.876121683914911387e+01
3.763394109854154124e+01 1.357275853630940432e+01 2.696777295478849723e+01
4.959854919799700212e+01 1.172730456327502679e+01 3.326554366846249167e+01
3.178928015059705814e+01 1.362068034714603115e+01 2.479913098340854560e+01
3.897434156249379100e+01 2.471806769245452529e+01 2.074820573870628948e+01
2.076256844354189468e+01 2.995280939595515690e+01 3.568720521626589459e+01
4.764744535251961111e+01 3.315968541084301080e+01 3.521756362983410327e+01
9.115281489420532068e+00 4.207495665798687412e+01 3.222407974125682983e+01
2.512605828685205012e+01 8.698853593816334495e+00 2.237834036029224904e+01
4.008508171807497433e+01 1.378790317876587679e+01 3.601324248244021931e+01
8.774507086899522079e+00 4.073094559123446601e+01 3.671564807788114848e+01
5.097951590175379266e+01 8.872821059519598208e+00 2.401711866907124815e+01
1.164780258641144428e+01 4.819185900599222094e+01 3.331218063446118549e+01
1.618738268826340487e+01 5.160850353381056266e+01 3.018658893453721603e+01
1.593569273676844134e+01 3.454088391296477312e+01 2.294349399144603296e+01
5.174880075563353898e+01 2.927730284814537143e+01 2.703253687236955471e+01
1.964287664172651304e+01 4.452640263337442406e+01 2.115196966721886440e+01
5.179970102933549470e+01 1.047736758388001377e+01 3.906632443376780373e+01
2.271079501583412963e+01 1.150036677359983983e+01 3.652639817761917840e+01
1.995633281972267881e+01 3.527641989006989576e+01 3.889462067062184758e+01
4.609865905862329782e+01 3.434212698978464573e+01 3.321338105380199579e+01
5.224545799952730363e+01 1.063023690963376922e+01 2.684336410640906223e+01
4.317030884022314297e+01 1.564313035805052365e+01 4.032170713239477777e+01
1.129895530118454872e+01 3.212001858691499478e+01 2.422231736560114612e+01
1.746711614353638709e+01 3.746214370490855572e+01 2.240101454736680608e+01
2.030729478355574713e+01 4.933703111473940339e+01 3.690151471022205953e+01
2.538061221671403445e+01 1.134916022961494519e+01 2.883300104054175961e+01
2.366145810167095220e+01 2.230218838477524201e+01 4.125045502191679958e+01
1.651010824753262796e+01 3.605570485850056883e+01 4.065557897441445334e+01
3.334985593467628462e+01 2.526614718969813467e+01 4.259905981257971064e+01
3.666037709765888053e+01 2.007869210048971453e+01 2.066124598648976374e+01
2.336331644144885900e+01 1.798042059445591789e+01 3.177050554757978773e+01
8.639197243379850732e+00 3.703090066765508226e+01 2.281912400235343341e+01
2.915355482965011191e+01 3.542882026180085830e+01 3.779384589242847881e+01
2.187094583457105657e+01 4.489129443589627755e+01 2.303828364026404074e+01
2.198902963504313135e+01 2.666816833956322341e+01 3.849685801487330394e+01
4.005628574774641493e+01 3.087529477637118447e+01 3.931766026953850712e+01
2.281779695318812884e+01 3.760554486829074250e+01 3.853404338303131738e+01
3.692889298674711540e+01 3.080376537297924244e+01 2.299928052353864771e+01
2.016477595262066558e+01 4.916588485359104510e+01 4.137997241200503140e+01
4.624297297915882154e+01 3.435082613955546549e+01 2.974018364232630773e+01
4.568275299812790280e+01 2.502243440800774366e+01 2.136063120035242591e+01
3.712980834543360942e+01 2.143573498257369891e+01 4.240200608317159947e+01
4.231058105972472561e+01 3.289697190131114013e+01 2.559119370203030641e+01
1.680980141435787090e+01 3.152135222823807581e+01 3.615999208426966760e+01
2.489559974531204745e+01 1.155848793123224816e+01 3.428790573911994954e+01
2.362037759386409874e+01 1.719978993267508116e+01 2.102973456764909699e+01
3.419288594532177683e+01 3.525631450392975808e+01 3.745727852710013650e+01
4.890751699576519940e+01 1.610534394127471103e+01 3.202726591616986695e+01
4.532375415049841649e+01 2.361224590336796325e+01 4.172528355073351491e+01
2.568637923718004501e+01 2.193676541077472208e+01 2.066716500573950199e+01
1.686104355166784075e+01 5.124783079125956675e+01 2.535770019400207786e+01
3.090522191789193585e+01 1.467854364809366352e+01 3.187790755819465360e+01
7.949483379475358547e+00 3.763411361594194204e+01 3.923159423883920738e+01
4.581517898992026971e+01 9.492179738156359292e+00 2.329661756821246144e+01
5.282506436827392093e+01 2.744288971710397718e+01 3.570586844890346612e+01
4.505155830469045952e+01 3.121833560623730719e+01 2.404773489532939479e+01
2.560322668748945674e+01 3.103761021954478494e+01 3.914840015460615064e+01
4.541122426462754902e+01 1.066798659487081480e+01 3.437381330385709077e+01
2.735897372420752660e+01 2.478481044044881543e+01 4.230598874321925962e+01
2.510831116209855196e+01 3.208988774702817892e+01 2.474100896802025673e+01
1.065549117893847075e+01 4.529758898613486195e+01 2.717288801154823119e+01
2.200660433189556642e+01 4.578378172290983628e+01 4.007622773438680497e+01
2.208376455626924439e+01 1.843811665260610155e+01 2.488721884916233051e+01
1.897791453580994059e+01 3.334551602929622049e+01 2.544846697037197103e+01
5.059670898305826370e+01 8.828309735966318073e+00 3.461696882063677094e+01
4.221701154723038485e+01 2.657718534900298835e+01 2.131374846729525174e+01
3.782961352681399347e+01 2.875207962877813372e+01 2.188829023130166362e+01
1.718951500430047119e+01 4.889456605355103136e+01 1.952167278702760456e+01
2.619973975266885091e+01 3.861984126552588492e+01 2.713421918689708434e+01
2.314112412363340354e+01 2.953514466419984785e+01 2.461975309714092219e+01
2.821918321854889911e+01 2.084942967043307860e+01 4.269877125006917140e+01
3.541517800499957502e+01 3.181809206341656449e+01 3.947070010426416786e+01
3.352592289004012827e+01 2.182548010382540582e+01 4.272407246841067519e+01
3.211695858542678650e+01 1.499323163573090945e+01 3.964108318470002246e+01
3.062307730573554920e+01 9.882868155939558363e+00 3.614268739532299435e+01
2.824369048008370697e+01 2.214260331742541510e+01 2.037247485404703440e+01
4.603782799481638222e+01 1.173762323887592807e+01 2.229501950540805311e+01
1.464573239102645275e+01 3.065390874792655396e+01 2.840060982169236325e+01
2.090009398652372496e+01 2.420516372161373297e+01 3.728309301507569273e+01
4.484032183437966523e+01 9.046949194648671977e+00 3.850779391896211479e+01
1.902352394787703815e+01 4.679404293977221130e+01 4.473596648711377810e+01
4.553268041352573192e+01 1.387670022298670425e+01 3.348373596665411611e+01
4.497898270362708928e+01 1.251806671303870111e+01 2.872941326405340945e+01
4.998442382745323442e+01 3.071201614589394424e+01 2.600133634411582406e+01
2.530524926600477187e+01 1.321389574253602284e+01 2.038776480094828969e+01
5.064701137899621841e+01 1.489766500261193372e+01 2.222230791963993823e+01
2.559516523599778282e+01 3.793443440158346647e+01 3.641867372043432027e+01
1.080236348683540371e+01 3.878208854426183905e+01 2.236745508699416263e+01
2.078989928478781835e+01 2.313231447333276947e+01 2.635745120187248602e+01
4.732182989901836834e+01 2.685507670547772818e+01 2.200630590477668136e+01
5.182020028833211711e+01 1.505618989853829248e+01 2.848559258949134687e+01
3.052610536280036158e+01 1.329055684502995938e+01 3.560868169278361961e+01
9.270178629482511923e+00 3.171737437786523373e+01 3.282327663734027112e+01
5.272330011858759491e+01 2.036447381397644563e+01 2.819529138606038998e+01
1.908243078188919384e+01 2.498655892693573577e+01 3.117905446152224158e+01
5.053312834582699509e+01 2.573685433735055028e+01 3.947577479447075888e+01
5.236377521777141908e+01 2.975374832825422544e+01 2.929472323965482161e+01
1.038819602153914090e+01 4.542586292248165591e+01 3.210485333684607667e+01
4.693230729710901272e+01 1.044036687979962608e+01 2.943827656726815434e+01
7.457076038174985655e+00 3.905180691735976950e+01 2.617659944729239641e+01
2.371177149585788513e+01 4.696350724834799450e+01 3.427255920477237794e+01
2.304102342292606664e+01 1.238023894891044563e+01 2.192452144252221302e+01
4.049178638591506996e+01 1.781956479788931702e+01 4.155221216188638778e+01
4.229615854599334313e+01 1.823997012056605627e+01 2.156428735065459534e+01
4.416058468346631827e+01 1.015671347231860899e+01 2.550142037825539632e+01
1.932789452026302968e+01 4.191111132288971675e+01 3.983977474614582093e+01
3.247732098617168361e+01 1.811460881243314702e+01 2.109554493492350602e+01
1.079051478325486713e+01 4.149895611625582603e+01 2.374879462271076136e+01
5.301915441292843667e+01 2.062878798414356041e+01 3.272355910537731916e+01
1.718727027799226903e+01 4.508443385278557969e+01 2.240279687625769967e+01
3.761232926017426337e+01 1.292753727279483300e+01 3.463658527167763168e+01
4.965089846963523712e+01 8.365596091032326598e+00 2.849644199895220709e+01
2.120671445926427623e+01 2.087322483873841605e+01 2.822094388271915477e+01
6.577904316513839333e+00 3.516128541035099886e+01 3.011746057315809821e+01
2.309561899280251751e+01 4.900051368890422054e+01 3.052223578285577332e+01
4.344026067002523916e+01 2.805605737230232322e+01 4.099267129172937985e+01
2.140170743507863449e+01 5.051440678663233541e+01 3.212287179516157920e+01
2.969971021668294497e+01 1.125147897012027265e+01 4.149885373548853806e+01
2.606045819114679318e+01 1.663142475954064992e+01 4.282306212346157537e+01
2.306867554663015341e+01 4.250162222644065935e+01 3.854991859237169649e+01
2.759686941577011510e+01 3.158865848796443032e+01 2.298255654552013993e+01
3.457873856892477704e+01 2.990944335599757054e+01 4.082618376243332392e+01
1.837908832608916754e+01 3.011511358379722481e+01 2.986812309311037339e+01
1.194316077372935325e+01 3.885731660751699224e+01 4.073605962268880631e+01
5.158324592261676855e+01 1.651272696165655418e+01 3.978658335657280531e+01
2.249881375158727081e+01 1.127753497277523032e+01 2.573689597709773480e+01
1.675030819586772424e+01 4.901752571897046806e+01 4.083530925130455103e+01
3.200045964764493789e+01 2.810386479105149959e+01 4.182102857632396109e+01
4.100282539557474593e+01 3.065978869786386340e+01 2.338949960808265871e+01
1.055933730955298522e+01 4.431440782377995902e+01 3.682916250570357164e+01
8.490086344001092300e+00 3.333442418573232402e+01 3.842847243010447045e+01
3.764303342919106399e+01 1.253592086115241244e+01 3.238804295299451042e+01
2.961601217983494649e+01 3.308851830728786325e+01 3.947393590199693847e+01
3.177189779891601518e+01 3.744758437210613522e+01 3.252086301966151183e+01
5.197334856092006561e+01 2.360789940970034806e+01 3.800585440771867951e+01
2.207575193026795191e+01 1.585133477732593121e+01 2.355956197887720194e+01
2.892663185200250808e+01 1.044170478562613269e+01 2.154345079588047795e+01
1.551853528446457631e+01 4.738523805513513310e+01 2.247891103214702824e+01
1.896215921931727877e+01 5.191868701504424877e+01 3.425158193280851293e+01
2.175663291617209794e+01 3.046452477271111547e+01 2.649896769850034417e+01
1.974429126062725715e+01 3.726855593390342136e+01 2.314480701434659693e+01
4.076325337684603767e+01 1.288393151098212819e+01 3.136259660043438302e+01
4.640374909472918574e+01 1.641090459662777334e+01 2.158082610399988965e+01
2.352429794269008667e+01 8.712256461218526482e+00 2.430222613691855926e+01
1.633774600220462503e+01 5.400505982767781887e+01 3.635375830438791667e+01
2.487455614740240861e+01 4.495007762143059438e+01 2.760751905019726138e+01
4.841762794739547360e+01 3.151246007235823043e+01 3.715348319491642570e+01
4.331656235953261813e+01 3.390905241350451860e+01 2.731201876902112602e+01
2.255216857585493884e+01 3.027647315183111942e+01 3.719657735775158613e+01
4.880591736203705722e+01 2.425068718105401899e+01 2.222181846882442358e+01
3.065448942090150553e+01 3.658857388421458268e+01 3.661436520906543990e+01
1.759998359486354857e+01 5.252952566846221316e+01 3.827877110400098104e+01
3.115743323197009929e+01 3.724251345005382063e+01 2.762508063758868104e+01
3.383150338969580417e+01 1.363689131396114718e+01 3.265570361250097875e+01
2.107353740481305948e+01 4.581455933219241672e+01 1.955700160643901953e+01
1.927286255935432990e+01 4.948972699377181073e+01 1.903746893748327196e+01
2.738842228349467689e+01 4.208073288901071152e+01 3.147275191880146394e+01
2.265636770180297788e+01 1.427395470926382792e+01 4.101168029634562373e+01
5.208146482594789717e+01 1.491788438161339236e+01 2.399898542405732726e+01
1.769914929979164242e+01 5.360860732115456528e+01 2.827280135474671852e+01
4.690188694068614694e+01 1.921238386228085915e+01 2.143975766266679273e+01
3.090725822342182383e+01 1.403739749122597935e+01 2.198319299243118863e+01
2.229060858300290704e+01 1.475158580910263950e+01 3.689970161535883619e+01
2.526019245712100414e+01 2.894626708391153969e+01 4.032225600427852186e+01
1.876239645606562689e+01 4.995981426594732966e+01 2.391249815520495758e+01
2.241311659447842786e+01 3.282512632156284837e+01 3.664001560782453026e+01
2.445799820795479462e+01 7.708048026893328242e+00 3.834157911172849964e+01
1.890073188857370212e+01 5.151530361242179623e+01 2.985196930586181452e+01
1.039883386614048355e+01 4.525518294428561461e+01 2.953269968809952672e+01
2.827252430692221807e+01 7.409686417060996177e+00 2.451010950804339572e+01
2.226382372056037440e+01 2.200775067618668146e+01 3.962455489257395413e+01
3.720176092347432473e+01 1.288434306356232995e+01 2.897344212373575090e+01
3.069914860064018924e+01 3.435362134914735321e+01 2.409897495562653802e+01
5.012549484125817401e+01 3.247370705434698834e+01 3.305943211593911712e+01
2.500410773722517987e+01 8.373254657860899286e+00 4.059614511120680191e+01
1.777223817491636382e+01 5.307327942093608897e+01 2.467977239092103758e+01
4.112488561473442417e+01 2.879511282760193325e+01 2.213295444856762728e+01
2.609710431485182980e+01 4.534211073978698892e+01 3.182377708625941182e+01
4.374756327031008141e+01 1.219363270338735994e+01 2.608755615903827518e+01
2.283144853769917759e+01 4.878849471002220639e+01 3.322478905252513925e+01
8.682990668044574534e+00 3.234690852032618125e+01 2.843925531047039712e+01
2.454876332982071574e+01 3.378775648482918825e+01 2.592703458713184617e+01
2.079591166807399816e+01 4.876183871969941208e+01 2.393137587594504367e+01
3.317913244255329630e+01 3.613663651407498634e+01 2.594374621011765214e+01
4.814341571017846633e+01 1.017608770798541862e+01 2.221413828687038006e+01
1.366374308026188444e+01 3.920240518852284595e+01 2.219406985652478070e+01
2.591232169338822899e+01 1.344541225287467867e+01 4.275510369774990949e+01
1.171137972663113658e+01 4.768633409620952079e+01 3.551110141945964926e+01
4.151972426492544344e+01 3.361875960035747823e+01 3.613656113052509511e+01
2.044600776772970718e+01 2.593562649622442251e+01 2.682164071638806035e+01
2.706740834774534221e+01 4.000688474791611782e+01 2.865369361488277278e+01
1.547808733707380391e+01 4.256177485945728733e+01 3.995146776381231746e+01
2.256499327965480006e+01 3.650714337532863141e+01 2.498362169547682754e+01
1.327060548016678077e+01 3.094870933951373715e+01 2.665691394304219131e+01
2.696800261606578886e+01 2.685507902081403486e+01 4.180905504287365915e+01
4.863470889144308273e+01 7.728889585512703775e+00 3.477096357207270927e+01
2.201317422789808376e+01 2.715341322052356787e+01 2.456415209470501892e+01
5.126692527836582514e+01 3.009430233422064660e+01 3.563158269757046526e+01
4.878786967345288161e+01 1.183447809886959590e+01 4.129168943830261895e+01
5.053716456983616467e+01 2.450165198411299983e+01 2.337513580954501435e+01
1.164085177713968733e+01 4.367553856555416303e+01 2.411679106581922127e+01
2.809686920449816228e+01 1.242601175299580873e+01 2.065775647151427563e+01
2.247566847497843412e+01 2.137541459576030434e+01 2.296996420164415298e+01
1.209649355745093224e+01 3.593989021112938076e+01 4.125328091719508450e+01
4.707154416073757375e+01 3.114576955150586457e+01 2.451537198049593869e+01
5.245668352098715559e+01 1.913361404821835521e+01 3.403902750043818770e+01
5.067090898492259754e+01 2.856040425588050979e+01 3.805184643356615481e+01
5.204302846399459526e+01 1.186341434075087520e+01 3.518489196984103273e+01
1.646170346428265319e+01 4.666962906525793642e+01 4.247988794519283573e+01
1.714945506654244767e+01 5.163215493791831534e+01 3.330284285956373935e+01
1.235870057651515808e+01 3.075514778446665076e+01 3.580607585608221655e+01
3.989239572135144840e+01 2.756805361235200635e+01 4.140828771361704241e+01
2.468387855303518208e+01 1.518479681782070756e+01 3.414598475143022682e+01
3.112605041932759065e+01 1.941386775955380983e+01 4.259421718111545374e+01
5.007125927933040543e+01 3.253988680753788287e+01 2.983499356054741369e+01
2.975022662141847718e+01 1.478244732266430717e+01 3.419558147373683710e+01
2.769905440242391137e+01 3.789605591726133582e+01 3.051136806345385111e+01
2.173256978283969687e+01 2.284528273571064005e+01 2.436338849673651197e+01
