3.749496280310280838e+01 1.460169806735763842e+01 3.784663847342498855e+01
2.249581723992323390e+01 2.165044895234408173e+01 2.295627444211723400e+01
3.224483674575552783e+01 1.441253876268701717e+01 2.995611370247084437e+01
2.224911998204607499e+01 1.902920085299977515e+01 3.552165434302782643e+01
4.859656161125485596e+01 3.296961069196532890e+01 3.460150575169853226e+01
1.491011844738724790e+01 3.756992501935737749e+01 4.106112138542347623e+01
9.316393863209487591e+00 3.170318095165004735e+01 3.096230156903639852e+01
5.350862164287667611e+01 2.451230795366871007e+01 2.829396505485329527e+01
5.254182770745030950e+01 2.144601915275320181e+01 3.676694954317104447e+01
2.329078969378210218e+01 9.201625016335986729e+00 2.362313395334061994e+01
2.546909827313925234e+01 7.740255458819041756e+00 3.996704559496710374e+01
1.740380815541576709e+01 3.294982410214525004e+01 3.825663223244188771e+01
4.904807708773169850e+01 1.771061113935020614e+01 4.138748812691629553e+01
5.055435329361709762e+01 8.087825809022076484e+00 2.748169986661567776e+01
2.140245198749407862e+01 2.041152982490549306e+01 3.463334983748355711e+01
2.785558148081106111e+01 2.518315677948658049e+01 2.061780699118860483e+01
1.802425208905529175e+01 5.517648228963794566e+01 2.698643206186168086e+01
1.054676826969198444e+01 4.590839682774689834e+01 3.210511538390014863e+01
2.670366821205959695e+01 3.895076287360620881e+01 2.823947184833975399e+01
5.221045694380326552e+01 1.304950009222647722e+01 2.420906989833656908e+01
2.667310458339562729e+01 8.179914148999383627e+00 2.257036023720296214e+01
1.555287023944895708e+01 5.078131934819963078e+01 3.656372997867658370e+01
5.312407334951562632e+01 2.101773273766758265e+01 3.326793600022665487e+01
3.401030768265113124e+01 2.244471237215398673e+01 4.274128675196486427e+01
1.304511691448727362e+01 3.356098688117599238e+01 4.040046115990256226e+01
2.109141783242369073e+01 4.106520680152519986e+01 2.334869933338575265e+01
3.484805655028098670e+01 3.672890319761120281e+01 3.351502607473614859e+01
1.917780790761639764e+01 5.228268863777429942e+01 2.824193461041388531e+01
5.235367473867292176e+01 1.800125748432282791e+01 2.673401238919411327e+01
4.053587674068995739e+01 1.783646682824011975e+01 2.158703722721744001e+01
2.489431904043534516e+01 1.675431951055126945e+01 3.164049424657593335e+01
3.596217342840097331e+01 3.636779795394525649e+01 3.226861081534941889e+01
4.146519878605032972e+01 1.325142784727030687e+01 3.309415985555737905e+01
4.231078405599456715e+01 2.316609471013297394e+01 4.200940291409008864e+01
2.057765169531271354e+01 3.218947563715399696e+01 2.685158816855986785e+01
3.707797072003705807e+01 3.362287312760886948e+01 3.771275423919095715e+01
2.298844400766971674e+01 4.601083868045440539e+01 3.623719263311379990e+01
2.708274655995021263e+01 1.548385479818985999e+01 2.987592780898777889e+01
9.717191958646250072e+00 4.293838311135733932e+01 2.748403195098720531e+01
5.188897664627734230e+01 2.997302197933525747e+01 2.834797870123745156e+01
3.010932232811483189e+01 3.210384022611534505e+01 2.280791051952033044e+01
2.983563116057836950e+01 2.152074157145182554e+01 2.027185891633192938e+01
4.605071915452471387e+01 3.426243238137232083e+01 2.915215053044294891e+01
2.000722813857977300e+01 4.939108867690351445e+01 3.818549574248975631e+01
2.141631171052993210e+01 2.075099137198339250e+01 2.758986254590011100e+01
2.110737475349851167e+01 4.916163161702262130e+01 2.756436816613393859e+01
2.433784117899988075e+01 1.028291358867199179e+01 3.493890387952511389e+01
1.983032156339552188e+01 2.334812890390168505e+01 2.874773290664784398e+01
2.290709377572250816e+01 9.728124540280258969e+00 2.366443127632978261e+01
1.595247381472916537e+01 3.357996389905941470e+01 2.366524753094296685e+01
5.235044857778199656e+01 1.536149949322579999e+01 2.658435042070071219e+01
1.993527716237928615e+01 4.931762489439666552e+01 4.126169417918687543e+01
4.024397355867088777e+01 2.371482512234556950e+01 2.084042563450235974e+01
4.890059037588630986e+01 7.321179576740475703e+00 3.867301041081991286e+01
4.782772927178372413e+01 8.620879441947824517e+00 4.021247169891404383e+01
1.992948576813402894e+01 4.535888734919075205e+01 4.376673521537213674e+01
3.616570287615831347e+01 1.698430731478639899e+01 2.183950953845036835e+01
4.552080925751960194e+01 8.154643494557022976e+00 2.485038246906507808e+01
2.841966843716193125e+01 1.391949340784409905e+01 4.245814612244588915e+01
1.916862280457391421e+01 4.912718544536367205e+01 4.403697208269407781e+01
2.397274582995000003e+01 4.608359113437859378e+01 2.784587529123897554e+01
4.942491641785954926e+01 2.482148011049036285e+01 4.039759880738326103e+01
4.783917412775332423e+01 2.081567678920195164e+01 4.120955306586667177e+01
4.673161614433819011e+01 1.587392012215718040e+01 2.156979709910111964e+01
1.929652308518424064e+01 5.210811809418704144e+01 3.490045733790718430e+01
5.288881710295103744e+01 2.809912867715219775e+01 2.788038836966061496e+01
2.378769350422607332e+01 1.418416628126107248e+01 2.096044267571154407e+01
2.246626944255249114e+01 1.065046392965362543e+01 3.777239685256795099e+01
1.653412644383834618e+01 4.796016274003670787e+01 2.006690392208480489e+01
1.562162036393308995e+01 4.711749165280966167e+01 4.106859284877280913e+01
4.245884932430168845e+01 2.907598543179260275e+01 4.050242125023254403e+01
2.391684996812053043e+01 1.732236517776167872e+01 3.381187988986708604e+01
4.080652106850228478e+01 2.135684617571550703e+01 2.101982209214980202e+01
2.076193353979634537e+01 2.362839887856013732e+01 3.695611688245269022e+01
4.663604572649139612e+01 1.194572061070494762e+01 2.956644850475399977e+01
5.245112486096800097e+01 1.360529177191897077e+01 3.771802714999510897e+01
9.514880748363573559e+00 3.341202151744687399e+01 2.374952879701056929e+01
2.403173104884542255e+01 2.938388807242866108e+01 2.365836994000895288e+01
4.004111725898615504e+01 1.293630377882648474e+01 3.364265781283395285e+01
3.876202329575328065e+01 2.231577898221517842e+01 4.231467050719735568e+01
4.800337255795255231e+01 3.137271255122784197e+01 2.514955816949867895e+01
3.582173676980796273e+01 2.137196726788627998e+01 4.251770013278333948e+01
3.412604891380737371e+01 2.554430517486964902e+01 2.042245896043185382e+01
4.998561325322982896e+01 9.277309567672681112e+00 3.393512583302548080e+01
3.423658495903425347e+01 3.670072153313726204e+01 3.507945939333241370e+01
3.398689063288265544e+01 3.489485781267011077e+01 2.494938314981498806e+01
2.098044720715272149e+01 4.915079972461290936e+01 3.552384449980559111e+01
2.296321503503732231e+01 9.658621402597869832e+00 2.361527787545857393e+01
3.564823133213070605e+01 1.545923124370903246e+01 3.894396467509398718e+01
1.697945319139705944e+01 4.647821208675956939e+01 4.311543100603530121e+01
3.362831796049815125e+01 3.325161661554269443e+01 3.907489052366224769e+01
1.121063494790564263e+01 3.077399331363244173e+01 3.219117659499076467e+01
4.886757994210024236e+01 3.039160475866146527e+01 2.470209802353451778e+01
1.283216707464876905e+01 3.629626253646157608e+01 2.179588351667699442e+01
2.713245099927502579e+01 2.034037393983882325e+01 2.031675175398355648e+01
1.117285100607640125e+01 3.338071641692067004e+01 2.294222512370456002e+01
3.046496004450981587e+01 1.483217727521608609e+01 4.162382332761816883e+01
4.917395569602179251e+01 3.051815866632115259e+01 3.773191074713178494e+01
2.257520142407987862e+01 1.187987489413095332e+01 2.622273882880367779e+01
3.297918842853285071e+01 3.434516958337982118e+01 2.432901963573607418e+01
1.962192311074484508e+01 3.721964200109428589e+01 2.310097479712457869e+01
2.040731420413010255e+01 4.969177461270965068e+01 2.690443365595537273e+01
4.172919871173840534e+01 2.282182436096718092e+01 2.100174740520512984e+01
1.987013993893743447e+01 4.311022913071229823e+01 3.987849154794930229e+01
4.505469668537156025e+01 1.307392806826268483e+01 3.401515517027921476e+01
2.137991448024477847e+01 4.616801369735392768e+01 4.336562180063668137e+01
1.814494194560900553e+01 4.427098310297160566e+01 2.267358918532140066e+01
1.594381996245849642e+01 3.065389057747500345e+01 3.081242211356747163e+01
2.162261032165816843e+01 4.130363115240710670e+01 2.355115500608462042e+01
2.752251901358224728e+01 3.711703327890954540e+01 2.767749620180802594e+01
3.663347910497902404e+01 3.605906321819905713e+01 2.927634271057734239e+01
2.480542507809256847e+01 3.155267543013524190e+01 2.459804773576138359e+01
2.601906076453413519e+01 2.908893249789259627e+01 4.064791325487610152e+01
3.235927360727231417e+01 1.631616201286632872e+01 4.098584272787112326e+01
2.489877580159380699e+01 3.388133602223975771e+01 3.710082325418441229e+01
1.664290798616649170e+01 4.893344562956067278e+01 4.035536157672969892e+01
2.283559451096654769e+01 2.075101690698047108e+01 4.067177614854681877e+01
1.723706240956852298e+01 3.808272470442783231e+01 4.069837380636312218e+01
2.741358455890128809e+01 1.423088190871747116e+01 2.027564563383613816e+01
4.467413124597278085e+01 2.606591050244535523e+01 4.155740463366462478e+01
4.582519148598732528e+01 3.005261356440254517e+01 3.959832771686284048e+01
2.568726497834168754e+01 1.056280821754440602e+01 4.212911565848442308e+01
1.281372093142006463e+01 5.018165151266304491e+01 2.997462001294022471e+01
3.168439969299831205e+01 1.398799081484311557e+01 3.977810742097930330e+01
2.757778873543524867e+01 1.416813553969144657e+01 4.269108315875568138e+01
3.706409943386995565e+01 3.563075541468518992e+01 3.450919225486445896e+01
2.032959931271070531e+01 3.289093079630758609e+01 2.640062844005504417e+01
2.086185879621768891e+01 2.243382899261035135e+01 2.675635516921358459e+01
2.074344651556069508e+01 2.208638783711668552e+01 3.584236912806642295e+01
1.728611953501875220e+01 5.391226919123189987e+01 3.810650194035147820e+01
3.033766778391079555e+01 2.603999695304025153e+01 4.256697314595949422e+01
1.517273984014536126e+01 4.708079713906502661e+01 2.331237043899265871e+01
1.762809256494668375e+01 4.945403122748686542e+01 4.199594118974400203e+01
5.023276102803288978e+01 2.791084959651901443e+01 3.892369579692878290e+01
4.812253213924828543e+01 2.509366913665107646e+01 2.197366143668647354e+01
5.247579539699935935e+01 1.301529770272234998e+01 3.664469598937355954e+01
8.335524368304733756e+00 4.040481171692704265e+01 3.578979820188943251e+01
4.391185796315699719e+01 3.228037416455806152e+01 3.784997149076278333e+01
2.659594326452586444e+01 3.765975149646048692e+01 3.524204661607593181e+01
3.860756723885719310e+01 3.489825077814157339e+01 3.475589702364515432e+01
5.437159587545217931e+01 2.483419553631837573e+01 3.244855733994150171e+01
1.866895302151424119e+01 2.765754920271036355e+01 3.114468877733200713e+01
4.091128349072653236e+01 1.662593475034643120e+01 4.073496881661195346e+01
2.021200185151395345e+01 4.912956233550335128e+01 1.890745609843589392e+01
2.832658457913069583e+01 1.206923141525522247e+01 3.429391070300585653e+01
4.687296504907362760e+01 9.318174308184854482e+00 2.282739632784734241e+01
2.286616491214682867e+01 1.246853117916638709e+01 2.215131117859174026e+01
4.215980438098239347e+01 2.626661406040783575e+01 2.123495522580528672e+01
2.044958132063680267e+01 2.124088827093184051e+01 3.130527250890130375e+01
1.578145786252421878e+01 3.063616909380416331e+01 3.285876727707741907e+01
2.520546361597859786e+01 2.851394052015523783e+01 4.048739570461016513e+01
1.548914704236032946e+01 4.810205017300189922e+01 3.936560121742964924e+01
4.601933892575248564e+01 2.905188941819570658e+01 2.261436198375047013e+01
7.499298815286016939e+00 3.422985383307757701e+01 2.560742235112624599e+01
2.217189819114910421e+01 1.667534014451856805e+01 2.555114571329212936e+01
2.722494754023207975e+01 4.220838382434569525e+01 3.319751131741755046e+01
4.046885087849882723e+01 3.145606698838406601e+01 2.399825308486676079e+01
4.327670210856310717e+01 2.728025487271355232e+01 2.160900964645430733e+01
2.899894249643634936e+01 1.509907352570087724e+01 3.357119585876888834e+01
2.959245475398508418e+01 3.456018622761513370e+01 2.431264276732442298e+01
4.345030967904345687e+01 1.397025836115298958e+01 3.119272479009057264e+01
2.286011716166972718e+01 9.247992197323096519e+00 3.830642434324833090e+01
4.797797119843404090e+01 1.186409071254175629e+01 3.312474553940785427e+01
1.914130799982553555e+01 4.904980356720753321e+01 4.416301401624326672e+01
5.212683166846645832e+01 1.512382663751231604e+01 3.523317682967577014e+01
2.236864992592263945e+01 4.903281369609140938e+01 2.939632066557301115e+01
2.900513981777054084e+01 3.725855759283562207e+01 2.769906425531913285e+01
1.650396777381279989e+01 3.551098824833758272e+01 2.262447258405755690e+01
3.849398671157975116e+01 3.143159557434115214e+01 2.375148350334284686e+01
4.105342630442437013e+01 2.461872690015574605e+01 4.205817264416937462e+01
6.868135134371407879e+00 3.448165184039545039e+01 3.411517731134510001e+01
2.098158272934653112e+01 4.835638575923066185e+01 3.755048167455890251e+01
4.053282326909300792e+01 2.836469541471082323e+01 4.098777310264025431e+01
4.300737799243890436e+01 2.346698727928021810e+01 4.195554023372840646e+01
3.748811064929680725e+01 1.408488804649909376e+01 2.602533675644986388e+01
2.456146453089656134e+01 1.120691868632988175e+01 2.842320016307531816e+01
5.142987012583947148e+01 2.644897659927632816e+01 3.839848032722996862e+01
3.716100442618041200e+01 3.406436301186247562e+01 2.556661156611415464e+01
2.710771923291756735e+01 4.237714614495077114e+01 3.351045479431522978e+01
5.244362620998176538e+01 1.239852019431471852e+01 2.625429096062669743e+01
4.581340364105625440e+01 3.445433828839477286e+01 3.296432022124339056e+01
2.348090632985948645e+01 2.923988605399756580e+01 3.875647844164860345e+01
1.045166256623972956e+01 4.534583318893650272e+01 3.362370611052792668e+01
3.925864194564776000e+01 1.318886384051687877e+01 2.811587074000281206e+01
3.230777831663385058e+01 2.228960694780885277e+01 2.025704062919917448e+01
1.007707981929871011e+01 4.187981698903085004e+01 3.803180009939683970e+01
1.558379797928390786e+01 4.799102073873795860e+01 3.978895733269315826e+01
3.908941207468403434e+01 1.778097013070703625e+01 4.165366277709689768e+01
4.696937530458569654e+01 1.587123203310308028e+01 2.152275693191928596e+01
6.410383133272245182e+00 3.722664869381828368e+01 3.395746780173364243e+01
2.301829729980937600e+01 4.685333381865787317e+01 2.770226197379678013e+01
4.183836799334048351e+01 3.135509556397446218e+01 2.396236887591222953e+01
1.134150974632692055e+01 4.030293783190226264e+01 2.285016151974748055e+01
4.835622871927515121e+01 3.272576115252063289e+01 3.540179142133271739e+01
3.520703921235006106e+01 1.329056959551758332e+01 3.376172594935460580e+01
2.085364181704171571e+01 4.849878513198951424e+01 3.827583747399714298e+01
1.788935547622012123e+01 4.597722388806742799e+01 1.983908583421162675e+01
3.102973251345126471e+01 2.406317642086732533e+01 4.280235862560977012e+01
1.998332000718000501e+01 4.990826073939891216e+01 2.620690574621953317e+01
4.634785010174137909e+01 9.674612197038829464e+00 2.893625012216913817e+01
1.576642892517763528e+01 3.073604454682832809e+01 3.427464966356693310e+01
4.677631297742325955e+01 9.418213235698708274e+00 4.036616446122770441e+01
1.736860523447477078e+01 3.052632351777113229e+01 3.185608557463873325e+01
2.986339892772752336e+01 3.759902545762326298e+01 3.153214707212286072e+01
4.620276885608619466e+01 7.907489691398421172e+00 3.525552644424338666e+01
1.729427941210883191e+01 4.897714179926838085e+01 1.943169236972872582e+01
3.057247689154739234e+01 1.148309701424518181e+01 2.723807115356734698e+01
2.590438506316920098e+01 4.478072000945483211e+01 3.365745908000779707e+01
2.956514941659678186e+01 9.277859518860639199e+00 3.535618814661657439e+01
3.926723311374688308e+01 3.490887559263046569e+01 2.884756763261691503e+01
4.671323943848909721e+01 7.758742030588453353e+00 2.440303324110365679e+01
1.796721139780884613e+01 4.479854661559797790e+01 4.189543707430775754e+01
1.954234467565720834e+01 2.301155757519081746e+01 3.120597807757600961e+01
1.848755698762658994e+01 4.974195851317021067e+01 3.869762922331379684e+01
1.704065888370318760e+01 3.960274399611488150e+01 2.241906809175677040e+01
2.785081596780949909e+01 1.530761951827768286e+01 3.023875944365531510e+01
1.516642811088793152e+01 5.130072589766162139e+01 3.413502908873609698e+01
4.895094120199047438e+01 2.231111377365905213e+01 4.077293339951584272e+01
5.156009362000494889e+01 2.754415972331045737e+01 2.519552271368828045e+01
1.881143877023789912e+01 5.227709943415150207e+01 2.540152836438071660e+01
4.623733767371619763e+01 2.217263758229345427e+01 4.155697471480422678e+01
2.036817829343215891e+01 2.506873538326929918e+01 2.682463876768168376e+01
4.074465739830760924e+01 3.047596650425592202e+01 2.322547149760513463e+01
2.264429677673752650e+01 2.991633585931990424e+01 2.542312010508970843e+01
3.564928049553319056e+01 3.440982384373612746e+01 3.767429295106883558e+01
3.850554444854169844e+01 2.054670338483585823e+01 2.077983400232175271e+01
2.291301470561466047e+01 9.192682920784037037e+00 3.873268625786988650e+01
5.246403861125773460e+01 1.987194169213255535e+01 2.675397053899259348e+01
4.554121238558634843e+01 2.522495236115459960e+01 4.161096037061088282e+01
4.343416872078883273e+01 1.423135884815290630e+01 3.473655271563114866e+01
2.440223906258538378e+01 4.534191417514836786e+01 2.747328149435526257e+01
1.718701875956353220e+01 5.299488345458094329e+01 3.830321225217882386e+01
4.486820266984851457e+01 1.107832959001477846e+01 2.333639417179504605e+01
1.594345760954469604e+01 4.847833090426885860e+01 2.220270826178638757e+01
4.899298803232185406e+01 3.030338959881877514e+01 2.469785268429201963e+01
1.186406907281610934e+01 3.119191351117726896e+01 3.764363844676432080e+01
2.250004088316127948e+01 1.702388236265649013e+01 3.620516517194935346e+01
1.183915456265365052e+01 4.805425959000729108e+01 2.731358918884529885e+01
4.698938123590702531e+01 7.315445629758859702e+00 2.546726427737307930e+01
2.621374288590708090e+01 7.441529571136868526e+00 2.663511309660645310e+01
3.959401057016585668e+01 2.394010231338280548e+01 4.224617537936725142e+01
5.083261247793477366e+01 2.783200138214339958e+01 3.836102881317665947e+01
2.048389566402847350e+01 2.976582427933956154e+01 2.749901945286518412e+01
4.752235642697682749e+01 1.858812364507272008e+01 4.150344244924813353e+01
1.783955110588808424e+01 4.229158120471791449e+01 3.995164993110580554e+01
2.917093548146735316e+01 3.764816909165638492e+01 3.185310618976632568e+01
3.149213675285081138e+01 3.123225931565058744e+01 4.045702416505982058e+01
4.319247137451763052e+01 1.422406960370476270e+01 3.446892552368511531e+01
2.958104270588309959e+01 9.138415276336866455e+00 3.543207831772617311e+01
1.690939377943556465e+01 4.224227344344891577e+01 3.996462634667740588e+01
4.579583294644601921e+01 3.424966294105394837e+01 2.893825824270119540e+01
4.964181747657553956e+01 9.159081039621366216e+00 2.906800271166372696e+01
1.751074244813690939e+01 4.806977073967374992e+01 1.894374526505759349e+01
5.081849879980357798e+01 2.629784058140416647e+01 3.910488597695299973e+01
3.246685683711461934e+01 1.429348117901075099e+01 3.013137645660432895e+01
4.619384095679738067e+01 3.450459706627074752e+01 3.204548115323844826e+01
2.808001744593463656e+01 8.713347101338611012e+00 2.814717581935907020e+01
2.579299729567400945e+01 2.427254152824232136e+01 2.104789117517124097e+01
2.446421600144082475e+01 2.005249466050741702e+01 2.084454384597381704e+01
1.577310790405385887e+01 4.766374421488870183e+01 2.168132530377757661e+01
5.478370834830009528e+01 2.620895129056181716e+01 3.092519316802965079e+01
1.275496514405304538e+01 4.226482038821684029e+01 2.321840542622805614e+01
1.120777184132657744e+01 4.661307752816495054e+01 3.544097738215554472e+01
8.374543817644310550e+00 3.243062380057394734e+01 3.101035632663707275e+01
5.038216612167008179e+01 8.219650123371293304e+00 2.426658754347641889e+01
5.150980368094562323e+01 9.382882858982458885e+00 3.525895155454352903e+01
9.414533772437874148e+00 3.400418592701201703e+01 2.325366790680910256e+01
3.300200371527504473e+01 1.888577417296587768e+01 4.232017679892116035e+01
1.627039025630875102e+01 4.217950704570518639e+01 2.290312583868281848e+01
2.605305994507776646e+01 4.002845059888185375e+01 3.665499880684463818e+01
2.869538897637356456e+01 3.751039956233569228e+01 3.353128124577613534e+01
3.588234874897693771e+01 1.643357998580993851e+01 4.085394242818907884e+01
2.596639087042970928e+01 1.608269528540441229e+01 3.076649703368345357e+01
5.405871381545546939e+01 2.539596310707349502e+01 3.368767252747362306e+01
2.261783882839527138e+01 1.098647006211784927e+01 2.602871831243233558e+01
3.134650820982957953e+01 1.059055788725312297e+01 3.790933099007092011e+01
1.868815044467718423e+01 3.900222642147125640e+01 4.039027975539299575e+01
2.401398304439743114e+01 2.416961149475569215e+01 2.184281097401333938e+01
2.484821209538966968e+01 1.481876733833527737e+01 2.888714414070324921e+01
4.000849687724137027e+01 3.187390945087042837e+01 2.435297435041154301e+01
5.135975811428035342e+01 2.612211624705981450e+01 3.858938122613453459e+01
5.315060066791946269e+01 2.577944461714652746e+01 3.583933872825382139e+01
2.602182116515249888e+01 3.361547053854859257e+01 3.784900831942490385e+01
4.459447487315603098e+01 3.475963484236599044e+01 3.180211931180543417e+01
2.849538423349001448e+01 1.219184297459746702e+01 3.435342128173594745e+01
1.099953971612522707e+01 4.679959700055775329e+01 2.949536572394143263e+01
2.216181729980110404e+01 1.915506242031112194e+01 2.373808636416420725e+01
2.399025895297128130e+01 1.909223460120026417e+01 2.096174899491864707e+01
4.437801692871259718e+01 9.997035075329282705e+00 2.480948881201129552e+01
5.232036605672023910e+01 1.719465583601391501e+01 3.566337604427009467e+01
1.278276686812863261e+01 4.846805359236302735e+01 2.579803644539347829e+01
2.512221874102647590e+01 2.388791022477008141e+01 4.170361023815600277e+01
2.412410389125636812e+01 2.892617855137253713e+01 2.326424895235685142e+01
2.931111440224118780e+01 3.038715853674283807e+01 2.202763872494388053e+01
5.247244837710946541e+01 2.978811212953964827e+01 2.974387393082082198e+01
4.414296832664242487e+01 1.144421392870560439e+01 3.599138212139246917e+01
1.658457614936126845e+01 5.322707134390989836e+01 3.799484408937011182e+01
3.087840454924933908e+01 2.408718350382029172e+01 4.279311871838610415e+01
1.221686333093426313e+01 4.344921948506186737e+01 3.918712575471156612e+01
1.041862139134629395e+01 3.109688107697339632e+01 3.211118934780407130e+01
2.240600072781438357e+01 1.694651639293361001e+01 3.654070461092794631e+01
2.925066521244016826e+01 9.265062423918500656e+00 4.096301611213563376e+01
3.535769274570468923e+01 2.463144157581206528e+01 4.254032972333492069e+01
5.233537339402681710e+01 1.128586396797794222e+01 3.756113552873527794e+01
5.099649974056337953e+01 2.980398391531007007e+01 3.646849896553649728e+01
5.100786318583256218e+01 3.051763430253680909e+01 3.553930173905227718e+01
2.443123351184909353e+01 4.632260001460645071e+01 3.417644869269700791e+01
3.406506522357395284e+01 3.031506234872882288e+01 2.221775673849973742e+01
2.744794752156304085e+01 7.552376887205964451e+00 3.991205286421800480e+01
1.225490788108846374e+01 3.819774088022958125e+01 4.092594314530365551e+01
2.147587026221907536e+01 2.580706894392135098e+01 3.800877387022855203e+01
4.911264251109344769e+01 1.650734672652749779e+01 4.143603027734522470e+01
4.076618007588918147e+01 1.307563611822753202e+01 3.337566171082811195e+01
1.186894395109010247e+01 3.067516019924522297e+01 3.469124079814807260e+01
3.105918316373892907e+01 1.817976240008211164e+01 2.074344242978511588e+01
3.200337778868677674e+01 2.683688646774480091e+01 2.059789595978605803e+01
4.815519693925273259e+01 2.050814750088236593e+01 2.177206194552899632e+01
2.920908109009745957e+01 2.831075490012857188e+01 2.107557634354156662e+01
5.241788121770815678e+01 1.906489909286825579e+01 3.619245260654755469e+01
2.834144619879121763e+01 3.765554992939566858e+01 3.002235177359980867e+01
3.004091340271794408e+01 1.457648257533104541e+01 3.447186893835633725e+01
2.359813935110442884e+01 3.381898752887924786e+01 2.620039688029044811e+01
3.640755790456463359e+01 3.018650739908714087e+01 2.253040048719103083e+01
2.587596382505399362e+01 8.807793868987081609e+00 2.196065905649819427e+01
3.049840370635687137e+01 1.180977747344995166e+01 2.218966145251985367e+01
1.940641557193301381e+01 3.976830602302079853e+01 4.015053053604398059e+01
4.409635403254848285e+01 3.279269741863689802e+01 2.552978778305749330e+01
2.641491972558235091e+01 1.672372909591004131e+01 2.020840781346287685e+01
2.205949397371882981e+01 3.563965768003780710e+01 3.793037105952592469e+01
3.295209305125448651e+01 3.439051063379082507e+01 3.853465758688417964e+01
4.739829580855003144e+01 3.255345513314738071e+01 3.635159315347182485e+01
3.539622442817689318e+01 2.351487966062485313e+01 2.038607699918502902e+01
1.560928308329584979e+01 3.259598674560635345e+01 3.875498398349640183e+01
4.549316902995506950e+01 9.485122404866510593e+00 2.356770688837818639e+01
1.999691640534230785e+01 3.513765618698312920e+01 3.878346822341681843e+01
3.235826365005718230e+01 3.740260679379761655e+01 3.220691147192553672e+01
3.636105215302948324e+01 1.445549697745451390e+01 3.745927393076270562e+01
3.804661422457533604e+01 3.421831454987691501e+01 2.631207602416748514e+01
4.777480210097993307e+01 3.384244432745556708e+01 2.985918994287695938e+01
2.556311211120772597e+01 4.623887355494471763e+01 3.102526388106058519e+01
1.900619468897950171e+01 5.446787613462615241e+01 2.625306476476069051e+01
3.945389271344578219e+01 1.609900905688683537e+01 4.024898830639934033e+01
8.218444980695817748e+00 3.337733633599509631e+01 2.536424627137130017e+01
2.593991083224927507e+01 1.568795682048797246e+01 4.283877651469895653e+01
5.214613871695859615e+01 2.385456700323808832e+01 3.769890463102527889e+01
2.399797260163763823e+01 2.279745591360238421e+01 4.139540175912516418e+01
1.904184352865264884e+01 2.738979986830992885e+01 2.972104237696316886e+01
5.188323142638830632e+01 9.887282224940371123e+00 2.737231278906934051e+01
8.975724514571327362e+00 4.178151582706195200e+01 2.897770257504640057e+01
1.333665993832439334e+01 4.766697700144273853e+01 3.822437765471151749e+01
2.653793269229987573e+01 2.812647179386698326e+01 2.164270096392796106e+01
4.886219821940998997e+01 1.366219287040665797e+01 3.293065679939970636e+01
2.856887374448838202e+01 2.165804598215473575e+01 2.032526029594595940e+01
1.921391901709020544e+01 3.132467604015783280e+01 2.779799300690955377e+01
2.276441780121163916e+01 3.703764669805281784e+01 3.828918975071309205e+01
5.172480465491132406e+01 1.391224632698239816e+01 3.975252440647574304e+01
5.440074403318354257e+01 2.615349753170537639e+01 3.347255108913581978e+01
7.866057693837044340e+00 3.485023696972702822e+01 3.913577800502125115e+01
2.654964158303081945e+01 3.786334661759084241e+01 2.783389841935742126e+01
1.746417556697843665e+01 5.500666142328424257e+01 2.638062977574220724e+01
2.311992847198403567e+01 3.124876136408780525e+01 2.566821400541863696e+01
3.641567244122941105e+01 2.304788280249575649e+01 4.252345173528568978e+01
4.153807344045820571e+01 1.316980498674434052e+01 3.152303037962503751e+01
5.480052838526976444e+01 2.607732568375494253e+01 3.158557016123140215e+01
3.362437091264968103e+01 3.358803058724492985e+01 2.400309024262571711e+01
5.236556746044428934e+01 1.158049335546775183e+01 3.746426387693172444e+01
2.200523237526860498e+01 1.545297799012944573e+01 3.896075602611390565e+01
1.908857982432355271e+01 3.291789304658156112e+01 3.724888203456320213e+01
1.053483664377373152e+01 4.499666647151480703e+01 2.715270882273575737e+01
2.396960087174681675e+01 1.655182848037011922e+01 2.872083659481720730e+01
3.008320422881445566e+01 1.932747685889863831e+01 4.267763475056883493e+01
3.101368468253090782e+01 2.063878628182614605e+01 4.270361292670652631e+01
2.907751250177598834e+01 7.444066070971604887e+00 3.866047005250445068e+01
1.829791783839759134e+01 5.173401415123937142e+01 2.951691508143299814e+01
5.169882637936093772e+01 1.512134373193335968e+01 2.333516988734891839e+01
2.043804262268355032e+01 4.915363856106358753e+01 2.398652143111299395e+01
2.245968979785504160e+01 4.170152525056636250e+01 3.902930643339547601e+01
1.681736239582108539e+01 4.737998982600724673e+01 1.983632983724837473e+01
2.257370977399752832e+01 1.416111597183099668e+01 2.225316181983910013e+01
7.018453436348447205e+00 3.401598454794232396e+01 3.064806563807350770e+01
4.708802800760176410e+01 1.478868031622388912e+01 3.255438279344046748e+01
2.851059642781886794e+01 2.805759865939158004e+01 4.174604499317209161e+01
1.470473294069489612e+01 5.103462874587054188e+01 2.841438385523399290e+01
4.888008229675782701e+01 2.678981269391926645e+01 2.258270038946688629e+01
2.172609735588817159e+01 3.113423769563996046e+01 3.637844133728552265e+01
7.945605340227210434e+00 3.714298313465856438e+01 3.948106236944030201e+01
4.031475483230398282e+01 1.996239983647539162e+01 2.103790919260068293e+01
3.369531768701578756e+01 1.469912801186693940e+01 3.628523765795831224e+01
2.512995038355263944e+01 7.684856749553443223e+00 2.408832316735680479e+01
5.317666828346820296e+01 2.198706666776806173e+01 3.452105767347863718e+01
2.088054813761282702e+01 4.394311891221895650e+01 4.088390974573900394e+01
2.505073608282823017e+01 3.937376776900859454e+01 2.541379111486854470e+01
5.314322757923675056e+01 2.265471843473736158e+01 3.514888586218199151e+01
7.832142139503591949e+00 3.584107056533216706e+01 2.362705079331227864e+01
3.146528913817502726e+01 3.427768591922637142e+01 3.878530606438240369e+01
5.128347941923141207e+01 1.391826421790131718e+01 2.917805082775254277e+01
1.105416437297841981e+01 4.581977358145822166e+01 3.639694170510707494e+01
2.991998871260668480e+01 8.379975518141916879e+00 3.650869097985785316e+01
5.254872470251081751e+01 2.964636326078372619e+01 3.319870662902661707e+01
1.804325603355349017e+01 4.344847184757826142e+01 3.993552611098643013e+01
2.103897081819854264e+01 4.735880593203185640e+01 1.880562586593681473e+01
2.167859410364060224e+01 2.708959381464806171e+01 3.788366242344486068e+01
4.607544385465404702e+01 2.935287177381955104e+01 4.004875133344741300e+01
4.898202882978006301e+01 3.135518997481862868e+01 2.579924816212451333e+01
4.628270518704604797e+01 1.360701512097718791e+01 2.185064737383202527e+01
4.056064267676457291e+01 1.435352357275066559e+01 3.665257252546631150e+01
3.506051863246632649e+01 1.559443510851306769e+01 2.438165108547729432e+01
1.972490838771646793e+01 3.688584711962155893e+01 3.981203271092342533e+01
4.436388237566156789e+01 2.812809435840159367e+01 2.203915775803405808e+01
5.029954586849842713e+01 1.397723856243450768e+01 3.324755113975212595e+01
3.551452648786724353e+01 2.376155493698419718e+01 2.040254856396947503e+01
5.233891163908663202e+01 2.562022837599796077e+01 2.563814648214671621e+01
1.696251703304545089e+01 4.861717947121215389e+01 4.300042163160088649e+01
1.917500759381472264e+01 2.444163119159680519e+01 3.185581111178980507e+01
2.468669004550746848e+01 1.481553953464415052e+01 3.418110940622849370e+01
2.715518243919711239e+01 1.708613280324089345e+01 4.282180696697075462e+01
7.177672458838944003e+00 3.915409075700815578e+01 2.874286248818269485e+01
1.783555636968354463e+01 4.015654221228520981e+01 2.256720348154809130e+01
2.087756015045258806e+01 4.408563017936069883e+01 2.249847566815219224e+01
2.452022155833400063e+01 9.440475301486376480e+00 3.516135850005706942e+01
1.731398718085251431e+01 3.680021457890443770e+01 4.059984662246089471e+01
1.498882813027307925e+01 3.047165247373891717e+01 3.127233917709684974e+01
4.113143713401367307e+01 2.397220534426805827e+01 4.210722474511447899e+01
2.985189246250406114e+01 3.683098739859580206e+01 2.657604351763004402e+01
4.353343434812537538e+01 2.323032853778443751e+01 2.112440916791468482e+01
4.587123219887111247e+01 3.162585271940960041e+01 2.469207914995116937e+01
2.459999669852591353e+01 2.034465396514219648e+01 2.082316574529835762e+01
3.137668346802342256e+01 3.750177548760891000e+01 3.192731902760505847e+01
4.521957800368146962e+01 1.661927545658302563e+01 2.178216232609933201e+01
5.236637300397436690e+01 1.875062376760427796e+01 3.412903032226460454e+01
3.502859509253299564e+01 1.393128987572052502e+01 2.745713652955272366e+01
1.020574906227935585e+01 4.477705282275161380e+01 3.287955850383744405e+01
2.402592278795587788e+01 4.710755874934180554e+01 2.918229415018994288e+01
3.447992940247888782e+01 1.364103314926822641e+01 3.415610283635373889e+01
4.069039906638884929e+01 3.401589235686756041e+01 3.555778672465074663e+01
4.133374485575016877e+01 1.882843074303641728e+01 2.130583325938650319e+01
2.423236894538338504e+01 8.853936483982776551e+00 2.715730050105466020e+01
5.025590365236251955e+01 3.087189312923947782e+01 3.626746446832034110e+01
1.873521477381278189e+01 4.345300111550921685e+01 3.999297625692295099e+01
4.067389162660845159e+01 3.126478511060225429e+01 2.385433920270126151e+01
1.905122430215376639e+01 2.591649802264412727e+01 3.240286786463839519e+01
4.118723752276896732e+01 2.047288013161210074e+01 2.109670792335608169e+01
3.476609049733375656e+01 3.684345636801477042e+01 3.004058784450958086e+01
5.219933275723063559e+01 1.898899989541735067e+01 3.233669602907413321e+01
5.101289974421579387e+01 7.889078662397238872e+00 3.655878286432244550e+01
1.436284626837890244e+01 3.037466743506174538e+01 3.139298171164054452e+01
3.335749254873354630e+01 1.774172687869314302e+01 4.182353797479587598e+01
2.225827809307340033e+01 1.391587371684109797e+01 3.712418838688324030e+01
1.716902039647338896e+01 5.180070447706857806e+01 2.932498065868221460e+01
1.949472547828142766e+01 4.028018897269399190e+01 2.288666880268857184e+01
2.604523718079506978e+01 3.871278452174049534e+01 2.686265465407220177e+01
3.520273787108936858e+01 2.159945852292952040e+01 4.259869442620085067e+01
3.835809918964532983e+01 3.548631662371055029e+01 3.140508892077302860e+01
2.666778471067257428e+01 6.981540653659103590e+00 3.712379413218344837e+01
5.254831259001316823e+01 2.330995166291241460e+01 3.698234675315044484e+01
5.108480393950981835e+01 8.632298846068458431e+00 2.756752135537709236e+01
1.260319093626899800e+01 3.658653388319261524e+01 4.123678212210087679e+01
4.422529751556453448e+01 1.043389440226436271e+01 3.839873639635356994e+01
2.383078927476315201e+01 2.448619063927157669e+01 4.087534316820367053e+01
4.014448605861861807e+01 3.473200108523441543e+01 2.909536906625030639e+01
5.243909538520838254e+01 1.913893772474977339e+01 3.608545248880056988e+01
1.270649859907659085e+01 5.015203082095290199e+01 3.097448319077063417e+01
2.876082473789482918e+01 1.623598485942663672e+01 2.050990976815709388e+01
2.831004432938822646e+01 3.690554991771961824e+01 2.710673411061517868e+01
2.277074613966751215e+01 4.872246719295709738e+01 3.338997961956423666e+01
5.285271334208299976e+01 2.501671388769090854e+01 2.657862504597234832e+01
4.952878242287204102e+01 7.324414086757723652e+00 2.562409609013360878e+01
4.013851844996654705e+01 1.426666805955268913e+01 3.671910049002070764e+01
2.835156249751209856e+01 1.227286501101429295e+01 4.227613591676356464e+01
2.905274229144992759e+01 1.257521490081275317e+01 2.843680954142564943e+01
4.157037775690590564e+01 3.043593513592939459e+01 2.323477598736033656e+01
4.175694830465981511e+01 2.619953019034344521e+01 4.176144929964920749e+01
2.301185853492524913e+01 1.020680843383256686e+01 3.655379457111840225e+01
2.480436991842390881e+01 2.310384913141707486e+01 4.169506880508714630e+01
2.805258321629882090e+01 2.702870281963614829e+01 4.206805815483455291e+01
2.400032863160055996e+01 4.198147721090997919e+01 2.466552746851484912e+01
9.697846979996150196e+00 3.327503254897857232e+01 2.375175124273988558e+01
3.951175866360812705e+01 1.434035952473038655e+01 3.712343536340704020e+01
3.998651149554000028e+01 1.502036907876276928e+01 2.533134453863300806e+01
2.161453258068727479e+01 2.388802584091056502e+01 3.848128889082177295e+01
1.916619022416665530e+01 3.511022563790798756e+01 2.393999183729853186e+01
2.971941497184742076e+01 2.386440463689951486e+01 2.027611737528551572e+01
2.497118497388663627e+01 9.011115851530536958e+00 3.502028322734911825e+01
3.936866356712170756e+01 3.506791261653349068e+01 2.995807705200009607e+01
2.242455523912923354e+01 3.560119839535305886e+01 3.768405199315602516e+01
2.675095838676063309e+01 1.914002759671987164e+01 2.024884181028295771e+01
1.889132530285814582e+01 2.666316262145234717e+01 3.230024347099721638e+01
1.863773187381782037e+01 4.968640072036379962e+01 3.938654524518075561e+01
1.357526593698801420e+01 4.103405691082848250e+01 2.271134993055478901e+01
4.358929142247249189e+01 1.288708379827498973e+01 3.680278833737799005e+01
1.140545986824052171e+01 3.889179305112198648e+01 4.063431039904141073e+01
5.024667035640315049e+01 3.222436550783601206e+01 3.370534949671694136e+01
2.029301677997213815e+01 4.032948709316522695e+01 2.307900204804940358e+01
2.278905402741650832e+01 1.858967762430967241e+01 3.299457298904341940e+01
2.765851571541959686e+01 8.613302668382164740e+00 3.479883477251706125e+01
1.143396152401786914e+01 4.593902316459928414e+01 2.540533829648942898e+01
2.010818756330939650e+01 4.455565231822573224e+01 2.099498100155867419e+01
2.205014283837641287e+01 1.517241909303376168e+01 2.514602811123734583e+01
2.720585889093786847e+01 3.847420003726601578e+01 3.315302704300992787e+01
4.087136796567376962e+01 2.744460744317211720e+01 2.150144557795393752e+01
3.696415428439553352e+01 2.045033612103369691e+01 4.235287763026093444e+01
1.914927616554562917e+01 5.218824086986019495e+01 3.469530600874967519e+01
3.193301708278380602e+01 1.431897849202735351e+01 3.918981830644351305e+01
2.985751616993231039e+01 1.023588300040206889e+01 2.221807325724404336e+01
4.216292903455997276e+01 2.428767816905240906e+01 4.200317530055555437e+01
3.176777961587165322e+01 3.027427950464198503e+01 4.085544321078683794e+01
2.335782416367970171e+01 1.074110237696849168e+01 3.577592995992002045e+01
1.663774709548656716e+01 3.173200984719115780e+01 2.652517449940195959e+01
4.376324681927646765e+01 1.288516954627859867e+01 3.617842523276508615e+01
2.718171340759644039e+01 3.787681135284267953e+01 2.912375906832708949e+01
4.481583619871499025e+01 2.615955184064407035e+01 2.142830315188868795e+01
3.697397740851462800e+01 2.029223689157971933e+01 2.067355100186586014e+01
