1.390185479780854827e+01
3.033448550031815127e+00
2.752286567016788421e+00
2.656001582022865293e+00
2.593305208061171374e+00
2.539740282361730994e+00
2.489078261615607968e+00
2.439408137224943651e+00
2.390089215026078406e+00
2.340904016676573107e+00
2.291789582483166665e+00
2.242744965600917073e+00
2.193797333728853882e+00
2.144988604485112749e+00
2.096369477225719535e+00
2.047996165041164218e+00
1.999928135915147953e+00
1.952226276004763728e+00
1.904951297351569206e+00
1.858162358771124456e+00
1.811915912627082070e+00
1.766264793810403466e+00
1.721257555994122557e+00
1.676938045352084794e+00
1.633345188631723621e+00
1.590512963047900685e+00
1.548470510562641733e+00
1.507242358394744075e+00
1.466848710181750892e+00
1.427305777002585874e+00
1.388626123398267520e+00
1.350819009712003194e+00
1.313890717861643687e+00
1.277844852656450536e+00
1.242682614788495954e+00
1.208403044640071977e+00
1.175003238132246830e+00
1.142478537135842132e+00
1.110822697637115164e+00
1.080028039056951883e+00
1.050085578008018050e+00
1.020985149458546459e+00
9.927155178477753417e-01
9.652644802354034548e-01
9.386189631135050115e-01
9.127651140943591201e-01
8.876883893285624216e-01
8.633736372114769742e-01
8.398051787026918902e-01
8.169668844084373438e-01
2.758450377509325674e-02
