9.779284769618632467e+00
4.179958911953550071e+00
3.212628089564451894e+00
2.781939232574513809e+00
2.521983696361398408e+00
2.317483164400497841e+00
2.140868130341873954e+00
1.984310588985534585e+00
1.844338086451177583e+00
1.718717435254832671e+00
1.605697625090467540e+00
1.503788222428893206e+00
1.411693541447843092e+00
1.328286516684636043e+00
1.252585864633002144e+00
1.183731285334008509e+00
1.120961515703425393e+00
1.063599520962807743e+00
1.011044783556032556e+00
9.627693681274923643e-01
9.183140418425470575e-01
8.772823295082270434e-01
8.393323255945462913e-01
8.041673595907683492e-01
7.715269910867806891e-01
7.411794933070361413e-01
7.129163281032777633e-01
6.865484872314183695e-01
6.619042068756146868e-01
6.388274911054413474e-01
6.171770013305257763e-01
5.968250494395515027e-01
5.776565842351081281e-01
5.595681544049054823e-01
5.424668735082944782e-01
5.262694221302973707e-01
5.109011162768259950e-01
4.962950599135951268e-01
4.823913885516621369e-01
4.691366018603405630e-01
4.564829767179175435e-01
4.443880476090865117e-01
4.328141385444576605e-01
4.217279295930685956e-01
4.111000417449203193e-01
4.009046262801186367e-01
3.911189491179150046e-01
3.817229664558678404e-01
3.726988946794457802e-01
3.640307839412160740e-01
